96
-744
-360
-689
-594
-97
-811
94
-102
-233
807
210
-702
-547
-72
842
3
-238
404
275
-267
-539
111
81
662
-312
300
563
-351
-333
139
-935
944
946
-388
-497
404
-254
-446
687
126
-148
-2
-988
-905
-349
745
404
-729
-336
-426
526
-941
136
-906
655
311
101
739
-64
142
796
137
-58
-859
459
444
292
805
-809
898
-740
470
-98
-752
-243
589
270
934
-745
689
97
652
738
27
-238
-828
132
534
-899
109
577
482
942
-46
365
-561