162
6399 21
8630 53
3225 45
1121 29
7156 70
7983 19
6484 70
8842 29
3072 71
8245 30
1882 36
3452 15
2666 11
7119 71
3577 49
5740 20
5828 13
8984 38
4164 56
5035 31
1827 48
2260 63
2252 70
1402 71
6051 93
3305 51
1654 47
5365 100
4216 99
1408 67
1512 67
4518 16
1240 37
2624 46
3661 53
6963 59
1739 44
1071 50
2911 66
1457 52
3459 96
7442 26
7899 50
5981 35
4366 74
6022 69
6102 56
7826 36
6062 38
6593 92
4470 76
7414 75
3157 81
5069 49
4331 52
3605 77
4751 92
4326 23
6284 40
3127 54
4446 21
2514 37
5122 42
4106 86
3392 51
3600 59
4856 42
4260 55
5735 79
3355 22
6474 86
4120 100
7371 77
5864 79
2811 12
5790 59
3975 89
1046 73
3275 35
1982 30
6829 88
8882 27
5591 57
5857 54
5406 38
2026 42
1615 85
8957 81
4946 93
1970 88
6504 52
2777 61
1580 13
4729 81
1516 22
2896 43
4952 44
8187 56
8989 40
4859 62
7953 77
1559 56
8907 40
1944 71
5671 23
8411 62
6444 73
8082 98
7636 13
1284 84
1543 81
2045 27
7679 10
1671 78
5919 10
4542 92
1503 45
1257 25
8772 14
8300 51
7166 32
6703 38
6926 50
2540 89
6554 10
3353 87
7202 33
3543 47
1486 10
3446 49
5711 17
4272 98
1405 78
6496 43
2780 55
1974 16
4989 43
1447 57
5014 57
4396 65
5154 84
3635 84
2164 83
8501 19
4877 97
4496 45
7759 56
7731 34
5750 11
6396 19
2902 29
4867 15
3876 53
2658 97
2655 25
2065 76
3564 28
6922 34
8508 79
2423 22
5797 34
4940 70
