74
74 14
533 28
278 11
805 52
847 25
525 54
552 26
841 27
793 52
998 27
470 20
383 100
848 57
622 30
83 57
237 31
785 54
363 26
796 91
358 97
182 25
676 85
589 87
729 21
637 98
364 99
410 88
773 72
797 61
598 36
78 62
828 56
194 15
871 43
356 48
362 71
708 95
628 73
324 83
880 38
625 93
425 80
31 43
194 73
489 68
356 33
371 37
803 91
317 56
546 87
961 50
792 62
913 17
35 65
709 80
574 13
360 30
404 87
743 22
624 97
571 56
876 73
834 84
474 24
370 51
496 55
909 71
213 32
435 46
252 15
814 97
319 65
531 90
664 26
